1 1 1
2 2 3
3 3 5
4 4 7
5 5 5
6 6 7
7 7 5
8 8 7
9 6 8
10 7 6
11 8 8
11 8 4
12 7 2
13 6 4
14 5 6
15 4 8
16 3 6
17 4 4
18 5 2
19 7 3
20 8 5
21 7 7
22 6 5
23 5 7
24 4 5
25 5 3
26 6 1
27 8 2
28 7 4
29 8 6
30 7 8
31 6 6
32 5 8
33 4 6
34 5 4
35 6 2
36 8 3
37 7 1
38 6 3
39 5 1
40 4 3
41 3 1
42 1 2
43 2 4
44 3 2
45 1 3
46 2 5
47 3 7
48 1 8
49 2 6
50 3 8
51 1 7
50 3 4
51 4 2
52 2 1
53 3 3
54 4 1
55 2 2
56 1 4
54 1 4
55 2 2
56 4 1
51 2 2
52 1 4
53 3 3
54 4 1
54 2 1
55 4 2
52 4 1
53 3 3
54 2 1
55 4 2
54 1 4
51 1 5
52 2 7
50 1 4
51 2 2
52 3 4
53 4 2
54 2 1
55 3 3
56 4 1
53 1 5
54 2 7
52 4 1
53 3 3
54 2 1
55 4 2
56 3 4
57 1 5
58 2 7
51 3 3
52 4 1
53 2 2
54 3 4
55 4 2
56 2 1
55 1 5
56 2 7
52 2 1
53 4 2
54 3 4
55 2 2
56 4 1
55 1 5
56 2 7
48 1 6
49 2 8
47 3 3
48 4 1
49 2 2
50 3 4
51 4 2
52 2 1
51 2 6
52 3 8
53 1 7
52 1 8
53 3 7
54 1 6
55 2 8
52 1 4
51 1 5
52 2 7
50 1 4
51 2 6
52 3 8
53 1 7
52 3 4
53 4 2
54 2 1
53 1 5
54 2 7
52 1 8
53 3 7
54 1 6
55 2 8
48 2 1
49 4 2
50 3 4
51 2 6
52 3 8
53 1 7
52 1 8
53 3 7
54 1 6
55 2 8
52 1 4
53 2 2
54 4 1
51 2 2
52 1 4
53 2 6
54 3 8
55 1 7
54 1 8
55 3 7
56 1 6
57 2 8
52 4 1
51 1 5
52 2 7
48 1 4
49 2 6
50 3 8
51 1 7
50 3 4
51 4 2
52 2 1
51 2 2
52 4 1
51 1 5
52 2 7
50 1 8
51 3 7
52 1 6
53 2 8
49 2 2
50 3 4
51 4 2
52 2 1
51 2 6
52 3 8
53 1 7
52 1 8
53 3 7
54 1 6
55 2 8
51 1 5
52 2 7
50 4 1
47 1 7
48 3 8
49 2 6
50 3 4
51 4 2
52 2 1
53 3 3
54 4 1
55 2 2
56 1 4
54 1 4
55 2 2
56 4 1
51 2 2
52 1 4
53 3 3
54 4 1
54 2 1
55 4 2
52 4 1
53 3 3
54 2 1
55 4 2
54 1 4
51 1 5
52 2 7
50 1 8
51 3 7
52 1 6
53 2 8
50 1 4
51 2 2
52 3 4
53 4 2
54 2 1
55 3 3
56 4 1
53 1 5
54 2 7
52 4 1
53 3 3
54 2 1
55 4 2
56 3 4
57 1 5
58 2 7
51 3 3
52 4 1
53 2 2
54 3 4
55 4 2
56 2 1
55 1 5
56 2 7
52 2 1
53 4 2
54 3 4
55 2 2
56 4 1
55 1 5
56 2 7
46 2 1
47 3 3
48 4 1
49 2 2
50 3 4
51 4 2
51 2 6
52 3 8
53 1 7
54 2 5
55 3 7
56 1 8
56 1 6
57 2 8
52 1 8
53 3 7
54 2 5
55 1 7
56 3 8
54 1 6
55 2 8
52 1 4
51 1 5
52 2 7
50 1 4
51 2 6
52 3 8
53 1 7
54 2 5
55 3 7
56 1 8
56 1 6
57 2 8
52 3 4
53 4 2
53 1 5
54 2 7
52 1 8
53 3 7
54 2 5
55 1 7
56 3 8
54 1 6
55 2 8
48 2 5
49 3 7
50 1 8
51 2 6
52 3 8
53 1 7
52 3 4
53 4 2
53 2 2
54 1 4
54 4 1
53 1 5
54 2 7
52 1 4
53 2 2
54 3 4
55 4 2
55 1 5
56 2 7
54 4 1
50 1 6
51 2 8
49 1 7
50 3 8
51 2 6
52 3 4
53 4 2
53 2 2
54 1 4
54 4 1
53 1 5
54 2 7
52 1 8
53 3 7
54 1 6
55 2 8
52 1 4
53 2 2
54 3 4
55 4 2
55 1 5
56 2 7
54 4 1
48 1 4
49 2 6
50 3 8
51 1 7
52 2 5
53 3 7
54 1 8
54 1 6
55 2 8
50 3 4
51 4 2
51 2 2
52 4 1
51 1 5
52 2 7
50 1 8
51 3 7
52 2 5
53 1 7
54 3 8
52 1 6
53 2 8
49 2 2
50 3 4
51 4 2
51 2 6
52 3 8
53 1 7
54 2 5
55 3 7
56 1 8
56 1 6
57 2 8
52 1 8
53 3 7
54 2 5
55 1 7
56 3 8
54 1 6
55 2 8
51 1 5
52 2 7
50 4 1
47 4 2
48 3 4
49 2 6
50 3 8
51 1 7
52 2 5
53 3 7
54 1 8
54 1 6
55 2 8
53 3 3
54 4 1
55 2 2
56 1 4
54 1 4
55 2 2
56 4 1
50 1 8
51 3 7
52 2 5
53 3 3
54 4 1
55 2 2
56 1 4
54 1 4
55 2 2
56 4 1
53 1 7
54 3 8
52 1 6
53 2 8
50 1 4
51 2 2
52 4 1
53 3 3
54 2 5
55 3 7
56 1 8
56 1 6
57 2 8
55 1 7
56 3 8
51 3 3
52 4 1
53 2 2
52 2 5
53 3 7
54 1 8
54 1 6
55 2 8
53 1 7
54 3 8
49 2 2
50 1 4
51 2 6
52 3 8
53 1 7
54 2 5
55 3 7
56 1 8
56 1 6
57 2 8
55 3 3
56 4 1
52 1 8
53 3 7
54 2 5
55 3 3
56 4 1
55 1 7
56 3 8
54 1 6
55 2 8
51 3 3
52 4 1
52 2 5
53 3 7
54 1 8
55 2 6
56 3 8
57 1 7
54 1 6
55 2 8
53 1 7
54 3 8
55 2 6
56 1 8
57 3 7
58 1 6
59 2 8
50 4 1
51 3 3
52 2 5
53 3 7
54 1 8
55 2 6
56 3 8
57 1 7
56 1 4
54 1 6
55 2 8
53 1 7
54 3 8
55 2 6
56 1 8
57 3 7
58 1 6
59 2 8
56 1 4
52 1 4
53 2 6
54 3 8
55 1 7
56 2 5
57 3 7
58 1 8
58 1 6
59 2 8
54 1 8
55 3 7
56 2 5
57 1 7
58 3 8
56 1 6
57 2 8
49 1 5
50 2 7
46 3 4
47 4 2
48 2 1
49 3 3
50 4 1
51 2 2
52 1 4
53 2 6
54 3 8
55 1 7
56 2 5
57 3 7
58 1 8
58 1 6
59 2 8
54 1 8
55 3 7
56 2 5
57 1 7
58 3 8
56 1 6
57 2 8
50 2 5
51 3 7
52 1 8
53 2 6
54 3 8
55 1 7
54 1 4
55 2 2
56 4 1
52 1 6
53 2 8
51 1 7
52 3 8
53 2 6
54 1 8
55 3 7
56 1 6
57 2 8
54 1 4
55 2 2
56 4 1
50 1 4
51 2 6
52 3 8
53 1 7
54 2 5
55 3 7
56 1 8
56 1 6
57 2 8
52 1 8
53 3 7
54 2 5
55 1 7
56 3 8
54 1 6
55 2 8
51 2 2
52 4 1
47 2 6
48 3 8
49 1 7
50 2 5
51 3 7
52 1 8
52 1 6
53 2 8
51 3 3
52 4 1
53 2 2
54 1 4
52 2 1
53 4 2
52 1 4
53 2 2
54 4 1
48 1 8
49 3 7
50 2 5
51 3 3
52 4 1
53 2 2
54 1 4
52 2 1
53 4 2
52 1 4
53 2 2
54 4 1
51 1 7
52 3 8
50 1 6
51 2 8
48 1 4
49 2 2
50 4 1
51 3 3
52 2 5
53 3 7
54 1 8
54 1 6
55 2 8
53 1 7
54 3 8
52 2 1
53 4 2
49 3 3
50 4 1
51 2 2
50 2 5
51 3 7
52 1 8
52 1 6
53 2 8
51 1 7
52 3 8
50 2 1
51 4 2
47 2 2
48 1 4
49 2 6
50 3 8
51 1 7
52 2 5
53 3 7
54 1 8
54 1 6
55 2 8
53 3 3
54 4 1
54 2 1
55 4 2
50 1 8
51 3 7
52 2 5
53 3 3
54 4 1
54 2 1
55 4 2
53 1 7
54 3 8
52 1 6
53 2 8
49 3 3
50 4 1
50 2 5
51 3 7
52 1 8
53 2 6
54 3 8
55 1 7
52 1 6
53 2 8
51 1 7
52 3 8
53 2 6
54 1 8
55 3 7
56 1 6
57 2 8
50 2 1
51 4 2
48 4 1
49 3 3
50 2 5
51 3 7
52 1 8
53 2 6
54 3 8
55 1 7
54 1 4
52 1 6
53 2 8
51 1 7
52 3 8
53 2 6
54 1 8
55 3 7
56 1 6
57 2 8
54 1 4
50 2 1
51 4 2
50 1 4
51 2 6
52 3 8
53 1 7
54 2 5
55 3 7
56 1 8
56 1 6
57 2 8
52 1 8
53 3 7
54 2 5
55 1 7
56 3 8
54 1 6
55 2 8
47 1 5
48 2 7
44 1 6
45 2 8
45 3 7
46 2 5
47 3 3
48 4 1
49 2 2
50 3 4
51 4 2
52 2 1
53 1 3
54 3 2
51 2 6
52 3 8
53 1 7
52 1 8
52 1 4
51 1 5
52 2 7
51 1 3
52 2 1
53 4 2
52 3 2
50 1 4
51 2 6
52 3 8
53 1 7
52 3 4
53 4 2
54 2 1
55 1 3
56 3 2
53 1 5
54 2 7
53 1 3
54 2 1
55 4 2
54 3 2
52 1 8
48 2 1
49 1 3
50 3 4
51 4 2
51 2 6
52 3 8
53 1 7
52 1 8
52 1 4
53 2 2
54 4 1
51 2 2
52 1 4
53 2 6
54 3 8
55 1 7
54 1 8
52 4 1
51 1 5
52 2 7
50 3 2
49 4 2
50 3 4
51 2 6
52 3 8
53 1 7
52 1 8
52 1 4
53 2 2
54 4 1
51 2 2
52 1 4
53 2 6
54 3 8
55 1 7
54 1 8
52 4 1
51 1 5
52 2 7
51 1 3
52 3 2
48 1 4
49 2 6
50 3 8
51 1 7
50 3 4
51 4 2
52 2 1
53 1 3
54 3 2
51 2 2
52 4 1
51 1 5
52 2 7
51 1 3
52 2 1
53 4 2
52 3 2
50 1 8
49 2 2
50 3 4
51 4 2
52 2 1
53 1 3
54 3 2
51 2 6
52 3 8
53 1 7
52 1 8
51 1 5
52 2 7
51 1 3
52 2 1
53 4 2
52 3 2
50 4 1
47 1 7
48 3 8
49 2 6
50 3 4
51 4 2
52 2 1
53 3 3
54 4 1
55 2 2
56 1 4
54 1 4
55 2 2
56 4 1
53 1 3
54 3 2
51 2 2
52 1 4
53 3 3
54 4 1
54 2 1
55 1 3
56 3 2
55 4 2
52 4 1
53 3 3
54 2 1
55 1 3
56 3 2
55 4 2
54 1 4
51 1 5
52 2 7
51 1 3
52 2 1
53 3 3
54 4 1
55 2 2
56 1 4
54 1 4
55 2 2
56 4 1
53 4 2
52 3 2
50 1 8
50 1 4
51 2 2
52 3 4
53 4 2
54 2 1
55 3 3
56 4 1
55 1 3
56 3 2
53 1 5
54 2 7
53 1 3
54 2 1
55 3 3
56 4 1
55 4 2
54 3 2
52 4 1
53 3 3
54 2 1
55 1 3
56 3 4
57 4 2
57 1 5
58 2 7
56 3 2
55 4 2
56 3 4
57 1 5
58 2 7
57 1 3
58 3 2
51 3 3
52 4 1
53 2 2
54 3 4
55 4 2
56 2 1
57 1 3
58 3 2
55 1 5
56 2 7
55 1 3
56 2 1
57 4 2
56 3 2
52 2 1
53 1 3
54 3 4
55 4 2
55 2 2
56 4 1
55 1 5
56 2 7
54 3 2
53 4 2
54 3 4
55 2 2
56 4 1
55 1 5
56 2 7
55 1 3
56 3 2
47 1 3
48 2 1
49 3 3
50 4 1
51 2 2
52 3 4
53 4 2
53 2 6
54 3 8
55 1 7
54 1 8
54 1 4
53 1 5
54 2 7
52 1 4
53 2 6
54 3 8
55 1 7
54 3 4
55 4 2
55 1 5
56 2 7
54 1 8
50 1 4
51 2 6
52 3 8
53 1 7
52 3 4
53 4 2
53 2 2
54 4 1
53 1 5
54 2 7
52 1 8
51 2 2
52 3 4
53 4 2
53 2 6
54 3 8
55 1 7
54 1 8
53 1 5
54 2 7
52 4 1
49 4 2
50 3 4
51 2 6
52 3 8
53 1 7
52 1 8
52 1 4
53 2 2
54 4 1
55 3 3
53 3 3
54 4 1
55 2 2
51 2 2
52 1 4
53 2 6
54 3 8
55 1 7
54 1 8
53 3 3
54 4 1
52 4 1
53 3 3
